2.269882965087890625e+01 -2.640859413146972656e+01
2.654532814025878906e+01 -2.552967834472656250e+01
2.933359336853027344e+01 -2.343970489501953125e+01
2.236530685424804688e+01 -2.833017730712890625e+01
2.235849571228027344e+01 -2.289919471740722656e+01
2.401415061950683594e+01 -2.904384422302246094e+01
2.213957786560058594e+01 -2.442981719970703125e+01
2.298717880249023438e+01 -3.071256256103515625e+01
2.483633804321289062e+01 -2.410757064819335938e+01
2.186918258666992188e+01 -2.442894172668457031e+01
2.253252220153808594e+01 -2.780990791320800781e+01
2.691457748413085938e+01 -2.657286453247070312e+01
2.278645706176757812e+01 -2.534163856506347656e+01
2.362578010559082031e+01 -2.631698989868164062e+01
2.278693008422851562e+01 -2.416714668273925781e+01
2.434329795837402344e+01 -2.983741760253906250e+01
1.944896697998046875e+01 -2.621622085571289062e+01
2.362700080871582031e+01 -2.706332206726074219e+01
2.494403266906738281e+01 -2.525625038146972656e+01
2.360114479064941406e+01 -2.373535156250000000e+01
2.589416122436523438e+01 -2.136411285400390625e+01
1.813548088073730469e+01 -2.905602455139160156e+01
1.910897254943847656e+01 -2.421078491210937500e+01
2.795675659179687500e+01 -2.658710289001464844e+01
2.420986366271972656e+01 -2.547491836547851562e+01
2.468983268737792969e+01 -2.616614723205566406e+01
2.195909118652343750e+01 -2.267664909362792969e+01
2.588086891174316406e+01 -2.282660293579101562e+01
2.196720504760742188e+01 -2.478211593627929688e+01
2.167239379882812500e+01 -2.413979339599609375e+01
2.375079727172851562e+01 -2.952215576171875000e+01
2.242639350891113281e+01 -2.752304267883300781e+01
2.530266952514648438e+01 -2.248416137695312500e+01
2.343814277648925781e+01 -2.760059738159179688e+01
2.129379081726074219e+01 -2.703059005737304688e+01
2.401666641235351562e+01 -2.937833213806152344e+01
1.984399032592773438e+01 -2.171734619140625000e+01
2.505454826354980469e+01 -2.410482025146484375e+01
2.230323600769042969e+01 -2.383012962341308594e+01
2.534825706481933594e+01 -2.410003280639648438e+01
2.220858192443847656e+01 -2.357813072204589844e+01
2.385591125488281250e+01 -2.455875396728515625e+01
2.125647354125976562e+01 -2.658715820312500000e+01
2.588174247741699219e+01 -2.938973426818847656e+01
2.457733535766601562e+01 -2.547851181030273438e+01
2.403745269775390625e+01 -2.472418975830078125e+01
2.368944168090820312e+01 -2.383441543579101562e+01
2.695118713378906250e+01 -2.886338424682617188e+01
2.564707183837890625e+01 -2.824582862854003906e+01
2.481629753112792969e+01 -3.060943222045898438e+01
2.286751365661621094e+01 -2.664223289489746094e+01
2.519539833068847656e+01 -2.784804725646972656e+01
2.421241569519042969e+01 -2.506102371215820312e+01
2.214152717590332031e+01 -2.869603729248046875e+01
2.276791381835937500e+01 -2.362761116027832031e+01
2.014195632934570312e+01 -2.212666511535644531e+01
2.165911865234375000e+01 -3.072137069702148438e+01
2.578549575805664062e+01 -2.356276512145996094e+01
2.398180961608886719e+01 -2.400395965576171875e+01
2.354260635375976562e+01 -2.575894546508789062e+01
2.382200813293457031e+01 -2.933375549316406250e+01
2.481807136535644531e+01 -2.640316390991210938e+01
2.217076492309570312e+01 -2.569213294982910156e+01
2.209233093261718750e+01 -2.490121650695800781e+01
2.216686439514160156e+01 -2.583800697326660156e+01
2.435229492187500000e+01 -2.755096244812011719e+01
2.039925765991210938e+01 -2.621044540405273438e+01
2.202528381347656250e+01 -2.404029273986816406e+01
2.285821533203125000e+01 -2.030344581604003906e+01
2.454143142700195312e+01 -2.764392471313476562e+01
2.218336296081542969e+01 -3.007853126525878906e+01
2.567471885681152344e+01 -2.609441566467285156e+01
2.518305397033691406e+01 -2.653295516967773438e+01
2.096484947204589844e+01 -2.724968147277832031e+01
2.418167114257812500e+01 -2.273347854614257812e+01
2.483885192871093750e+01 -2.264727401733398438e+01
2.244754600524902344e+01 -2.635431480407714844e+01
2.187701034545898438e+01 -2.264028358459472656e+01
2.051567459106445312e+01 -2.807861709594726562e+01
2.557389068603515625e+01 -2.649858474731445312e+01
2.591002464294433594e+01 -2.410844612121582031e+01
2.249930763244628906e+01 -2.612244415283203125e+01
2.209527778625488281e+01 -2.696664810180664062e+01
2.200067710876464844e+01 -2.535624694824218750e+01
2.476821136474609375e+01 -2.500354003906250000e+01
2.334308815002441406e+01 -2.614513778686523438e+01
2.341607475280761719e+01 -2.664325141906738281e+01
2.235969924926757812e+01 -2.809832382202148438e+01
1.987161254882812500e+01 -2.689883041381835938e+01
2.232967948913574219e+01 -2.369138908386230469e+01
2.482779121398925781e+01 -2.983500480651855469e+01
2.397274208068847656e+01 -2.771998214721679688e+01
2.104691505432128906e+01 -2.756899452209472656e+01
2.496367263793945312e+01 -2.516797065734863281e+01
2.786958694458007812e+01 -2.656941413879394531e+01
2.444272422790527344e+01 -2.802332115173339844e+01
2.721929168701171875e+01 -2.802596855163574219e+01
2.523442649841308594e+01 -2.193315696716308594e+01
2.640874862670898438e+01 -2.593631362915039062e+01
2.692006111145019531e+01 -2.925798606872558594e+01
2.322914505004882812e+01 -2.801249122619628906e+01
2.626199722290039062e+01 -2.718120384216308594e+01
2.061293029785156250e+01 -2.574175262451171875e+01
2.713683319091796875e+01 -2.686547851562500000e+01
2.426107788085937500e+01 -2.264535140991210938e+01
2.338165092468261719e+01 -2.730869674682617188e+01
2.088985824584960938e+01 -2.565292167663574219e+01
2.435474586486816406e+01 -2.723983001708984375e+01
2.130820274353027344e+01 -2.645841789245605469e+01
2.364529991149902344e+01 -2.179450798034667969e+01
2.141235733032226562e+01 -2.879142570495605469e+01
2.380110740661621094e+01 -2.363584327697753906e+01
2.215724563598632812e+01 -2.570542716979980469e+01
2.129090499877929688e+01 -3.018363952636718750e+01
2.128319168090820312e+01 -2.349314308166503906e+01
2.289157295227050781e+01 -2.280759620666503906e+01
2.352015876770019531e+01 -3.181456375122070312e+01
2.392911338806152344e+01 -2.637068176269531250e+01
1.973483657836914062e+01 -2.532234001159667969e+01
2.612597084045410156e+01 -2.369759941101074219e+01
2.156971549987792969e+01 -2.865129280090332031e+01
2.542155265808105469e+01 -2.515406036376953125e+01
2.355352401733398438e+01 -2.272698402404785156e+01
2.164106369018554688e+01 -2.448719215393066406e+01
2.448888587951660156e+01 -2.659153938293457031e+01
2.570952224731445312e+01 -2.604926300048828125e+01
2.393043327331542969e+01 -2.880025672912597656e+01
2.121346092224121094e+01 -2.614804077148437500e+01
2.171878623962402344e+01 -2.186338424682617188e+01
2.934665870666503906e+01 -2.351879501342773438e+01
1.941555404663085938e+01 -2.691942787170410156e+01
1.950541877746582031e+01 -2.525418663024902344e+01
2.230194091796875000e+01 -2.456831169128417969e+01
2.343978500366210938e+01 -2.762399673461914062e+01
2.195695495605468750e+01 -2.903110313415527344e+01
2.473235321044921875e+01 -2.561375808715820312e+01
2.534340286254882812e+01 -2.605551147460937500e+01
2.182612609863281250e+01 -2.344847488403320312e+01
2.169575119018554688e+01 -2.891940498352050781e+01
2.335327720642089844e+01 -2.677406883239746094e+01
2.714559745788574219e+01 -2.683978080749511719e+01
2.358593940734863281e+01 -2.432769012451171875e+01
2.444125747680664062e+01 -2.458304214477539062e+01
2.253133392333984375e+01 -2.281462860107421875e+01
2.590204429626464844e+01 -2.742483520507812500e+01
2.544855690002441406e+01 -2.717468070983886719e+01
2.659556388854980469e+01 -2.898304176330566406e+01
2.281878852844238281e+01 -2.592242240905761719e+01
2.278933525085449219e+01 -2.745858573913574219e+01
2.175720024108886719e+01 -3.136101913452148438e+01
2.243822097778320312e+01 -2.497013282775878906e+01
2.371824264526367188e+01 -3.013007926940917969e+01
2.522778892517089844e+01 -2.594396591186523438e+01
2.543174934387207031e+01 -2.546961975097656250e+01
2.582814025878906250e+01 -2.561568641662597656e+01
2.450165367126464844e+01 -2.262651634216308594e+01
2.343581008911132812e+01 -2.372718811035156250e+01
2.248894882202148438e+01 -2.434905052185058594e+01
2.439420127868652344e+01 -2.836419296264648438e+01
2.300072097778320312e+01 -3.055589294433593750e+01
2.182423591613769531e+01 -2.583028793334960938e+01
2.273730850219726562e+01 -2.436394309997558594e+01
2.597550582885742188e+01 -2.486251831054687500e+01
2.620933532714843750e+01 -2.462011718750000000e+01
2.310835075378417969e+01 -2.628619194030761719e+01
2.374243736267089844e+01 -2.434464073181152344e+01
2.189010620117187500e+01 -2.841016769409179688e+01
2.238887214660644531e+01 -2.708625411987304688e+01
2.353516387939453125e+01 -2.762194824218750000e+01
2.546779441833496094e+01 -2.852264022827148438e+01
2.093892669677734375e+01 -2.401689720153808594e+01
2.269012260437011719e+01 -2.377355384826660156e+01
2.049700164794921875e+01 -2.971001434326171875e+01
2.138619804382324219e+01 -2.387717056274414062e+01
2.476170158386230469e+01 -2.294874763488769531e+01
2.515991973876953125e+01 -2.566635513305664062e+01
2.181179809570312500e+01 -2.495021057128906250e+01
2.145251655578613281e+01 -2.772910881042480469e+01
1.865485382080078125e+01 -2.518003082275390625e+01
1.811793518066406250e+01 -2.864111518859863281e+01
2.824092102050781250e+01 -2.610511779785156250e+01
2.199920272827148438e+01 -2.904090881347656250e+01
2.385590934753417969e+01 -3.010842514038085938e+01
2.504352569580078125e+01 -2.678212738037109375e+01
2.346914863586425781e+01 -2.801924896240234375e+01
2.634397888183593750e+01 -2.797319030761718750e+01
2.369845962524414062e+01 -2.667926788330078125e+01
2.551451873779296875e+01 -2.586435699462890625e+01
2.242857933044433594e+01 -2.370579719543457031e+01
2.331637191772460938e+01 -2.532104873657226562e+01
1.990293502807617188e+01 -2.611241722106933594e+01
2.706098365783691406e+01 -2.566283416748046875e+01
1.930899810791015625e+01 -2.557914352416992188e+01
2.151476478576660156e+01 -2.561307334899902344e+01
2.323106765747070312e+01 -2.225997543334960938e+01
2.397698974609375000e+01 -2.710848808288574219e+01
2.573025703430175781e+01 -2.579854965209960938e+01
2.359636878967285156e+01 -2.584438896179199219e+01
2.353662490844726562e+01 -3.044324111938476562e+01
2.475281333923339844e+01 -2.863036918640136719e+01
2.380258560180664062e+01 -2.422267913818359375e+01
2.534618568420410156e+01 -2.244711494445800781e+01
1.837783241271972656e+01 -2.242174339294433594e+01
2.374704933166503906e+01 -2.771702194213867188e+01
2.114695167541503906e+01 -2.345712471008300781e+01
2.356258010864257812e+01 -2.775161552429199219e+01
2.539870643615722656e+01 -2.989743423461914062e+01
1.857148551940917969e+01 -2.499991416931152344e+01
2.378429031372070312e+01 -2.422837448120117188e+01
2.234835243225097656e+01 -2.179500198364257812e+01
2.229118156433105469e+01 -2.411234664916992188e+01
2.606453704833984375e+01 -2.552834892272949219e+01
2.537600708007812500e+01 -2.743146896362304688e+01
2.331932640075683594e+01 -2.466405677795410156e+01
2.179949951171875000e+01 -2.889645767211914062e+01
2.828505325317382812e+01 -2.693310165405273438e+01
2.717439460754394531e+01 -2.907658195495605469e+01
2.377365684509277344e+01 -2.866070938110351562e+01
2.052537155151367188e+01 -2.799847221374511719e+01
2.380675697326660156e+01 -2.560522079467773438e+01
1.806776046752929688e+01 -2.091887283325195312e+01
2.702107620239257812e+01 -2.497459030151367188e+01
2.083949089050292969e+01 -2.700191879272460938e+01
2.596545600891113281e+01 -2.456098937988281250e+01
2.327546119689941406e+01 -2.432710266113281250e+01
2.407034492492675781e+01 -3.031938934326171875e+01
2.173486328125000000e+01 -2.705820655822753906e+01
2.422919464111328125e+01 -2.442925453186035156e+01
2.412099647521972656e+01 -2.610376358032226562e+01
2.537979316711425781e+01 -2.435612869262695312e+01
2.213603019714355469e+01 -2.861831474304199219e+01
2.438929367065429688e+01 -2.602715110778808594e+01
2.454260444641113281e+01 -2.475411796569824219e+01
2.148603439331054688e+01 -2.262482643127441406e+01
2.620526123046875000e+01 -2.858820533752441406e+01
2.251722526550292969e+01 -2.478139114379882812e+01
2.241333770751953125e+01 -2.539291381835937500e+01
2.322764015197753906e+01 -2.476426887512207031e+01
2.317862510681152344e+01 -2.712089538574218750e+01
2.421151161193847656e+01 -2.593863105773925781e+01
2.236371421813964844e+01 -2.838475418090820312e+01
2.487226486206054688e+01 -2.167963981628417969e+01
2.581311798095703125e+01 -2.918645477294921875e+01
2.289627456665039062e+01 -2.626014328002929688e+01
2.403652000427246094e+01 -2.623787307739257812e+01
2.103475761413574219e+01 -2.758053970336914062e+01
2.587177467346191406e+01 -2.677902603149414062e+01
2.761923980712890625e+01 -2.745201110839843750e+01
2.070974922180175781e+01 -2.419879150390625000e+01
2.567259597778320312e+01 -2.578240776062011719e+01
2.883611106872558594e+01 2.274290847778320312e+01
2.756104087829589844e+01 2.664373588562011719e+01
2.451451492309570312e+01 2.117269515991210938e+01
2.665720367431640625e+01 2.244526100158691406e+01
3.026724815368652344e+01 2.507151985168457031e+01
2.880743408203125000e+01 2.147807121276855469e+01
2.634865951538085938e+01 1.931935691833496094e+01
3.400060653686523438e+01 1.947565460205078125e+01
3.493349456787109375e+01 2.158306694030761719e+01
2.799479866027832031e+01 2.380261611938476562e+01
2.792862701416015625e+01 2.285134124755859375e+01
2.539927673339843750e+01 2.266294860839843750e+01
2.627751159667968750e+01 2.287036514282226562e+01
2.872311401367187500e+01 2.093377494812011719e+01
2.998469543457031250e+01 2.348205757141113281e+01
2.773107719421386719e+01 2.084524154663085938e+01
2.985139846801757812e+01 2.189695739746093750e+01
2.854063606262207031e+01 2.185710716247558594e+01
2.640019226074218750e+01 2.282557678222656250e+01
3.087731361389160156e+01 2.439673614501953125e+01
2.752105522155761719e+01 2.136227989196777344e+01
2.761189651489257812e+01 2.221474647521972656e+01
2.458639907836914062e+01 2.018644523620605469e+01
3.081511116027832031e+01 2.158672332763671875e+01
2.900743103027343750e+01 2.214715576171875000e+01
2.913713073730468750e+01 2.592659950256347656e+01
3.006548309326171875e+01 2.389244461059570312e+01
2.712359619140625000e+01 2.299424743652343750e+01
3.115485572814941406e+01 1.954752159118652344e+01
2.885013198852539062e+01 2.383730888366699219e+01
2.677985763549804688e+01 1.589984321594238281e+01
2.760936737060546875e+01 2.158312416076660156e+01
2.900394248962402344e+01 1.937372207641601562e+01
3.058819389343261719e+01 2.272452735900878906e+01
2.712083816528320312e+01 2.195834732055664062e+01
3.114327049255371094e+01 2.234716224670410156e+01
2.842124748229980469e+01 2.405465316772460938e+01
3.023641395568847656e+01 2.440703964233398438e+01
2.486982917785644531e+01 2.193424224853515625e+01
2.377260780334472656e+01 2.092929840087890625e+01
2.963152122497558594e+01 2.165692329406738281e+01
2.756723213195800781e+01 2.193685531616210938e+01
2.923759841918945312e+01 2.159029006958007812e+01
2.781376266479492188e+01 1.990442848205566406e+01
2.994135284423828125e+01 2.339068794250488281e+01
2.689454078674316406e+01 2.348362922668457031e+01
3.012196922302246094e+01 2.365293502807617188e+01
2.785667800903320312e+01 2.280925559997558594e+01
2.547339057922363281e+01 2.653172683715820312e+01
2.340093612670898438e+01 1.790789413452148438e+01
2.874628257751464844e+01 2.507548522949218750e+01
2.973526000976562500e+01 2.351779937744140625e+01
2.576543807983398438e+01 2.281760406494140625e+01
2.803652572631835938e+01 2.471913337707519531e+01
2.648902320861816406e+01 2.337418174743652344e+01
2.097347259521484375e+01 2.244753456115722656e+01
2.929759407043457031e+01 2.427466392517089844e+01
2.600039863586425781e+01 2.076718521118164062e+01
2.934310531616210938e+01 2.324143791198730469e+01
2.876697921752929688e+01 1.909827041625976562e+01
3.047873306274414062e+01 2.344347190856933594e+01
2.880894279479980469e+01 2.136731529235839844e+01
2.993746376037597656e+01 2.572890472412109375e+01
2.858724021911621094e+01 1.964888763427734375e+01
2.954294586181640625e+01 2.525613021850585938e+01
2.529664230346679688e+01 1.880962944030761719e+01
2.932377624511718750e+01 2.514015007019042969e+01
2.989593696594238281e+01 1.926630783081054688e+01
3.249616622924804688e+01 1.985838508605957031e+01
3.326224899291992188e+01 2.271747207641601562e+01
2.703396797180175781e+01 2.509369850158691406e+01
3.171530914306640625e+01 2.292595291137695312e+01
2.790313720703125000e+01 2.234882736206054688e+01
2.762680816650390625e+01 2.438383674621582031e+01
2.320582199096679688e+01 1.891472434997558594e+01
2.663339996337890625e+01 2.160599136352539062e+01
2.903795242309570312e+01 2.366982650756835938e+01
2.343210220336914062e+01 1.949250793457031250e+01
2.861666297912597656e+01 2.132579994201660156e+01
3.245051956176757812e+01 2.483187675476074219e+01
2.801837921142578125e+01 2.305620574951171875e+01
3.024132537841796875e+01 2.391007804870605469e+01
3.195197486877441406e+01 2.165988159179687500e+01
2.832123374938964844e+01 2.103932380676269531e+01
2.489655303955078125e+01 2.346940231323242188e+01
2.910674095153808594e+01 2.245474433898925781e+01
2.946318054199218750e+01 2.366610908508300781e+01
3.078528785705566406e+01 2.276761817932128906e+01
2.691288375854492188e+01 2.607339477539062500e+01
2.756081390380859375e+01 2.296216964721679688e+01
3.033343315124511719e+01 2.417139816284179688e+01
3.155488967895507812e+01 1.993684959411621094e+01
2.777736473083496094e+01 2.258019256591796875e+01
2.788768959045410156e+01 2.421301841735839844e+01
3.287037658691406250e+01 2.476880645751953125e+01
3.092200469970703125e+01 2.239364051818847656e+01
3.232122802734375000e+01 2.278621101379394531e+01
2.821800041198730469e+01 2.118295669555664062e+01
3.220661544799804688e+01 2.165297508239746094e+01
3.227394866943359375e+01 2.094967651367187500e+01
2.741460990905761719e+01 2.229106521606445312e+01
2.680850982666015625e+01 2.095653152465820312e+01
2.998733329772949219e+01 2.111452484130859375e+01
2.813163185119628906e+01 2.370757293701171875e+01
2.954244995117187500e+01 2.381875038146972656e+01
3.018769073486328125e+01 2.192019653320312500e+01
2.829716491699218750e+01 2.361844444274902344e+01
2.854656028747558594e+01 2.100856399536132812e+01
2.593109130859375000e+01 2.159286689758300781e+01
2.896194839477539062e+01 2.180312347412109375e+01
3.004115104675292969e+01 2.188330650329589844e+01
3.108649063110351562e+01 2.292840003967285156e+01
3.040255546569824219e+01 2.466128158569335938e+01
2.852174758911132812e+01 2.241391754150390625e+01
2.699797248840332031e+01 2.554944992065429688e+01
2.836532783508300781e+01 2.535609245300292969e+01
2.388538360595703125e+01 2.547260093688964844e+01
2.836268043518066406e+01 2.331451797485351562e+01
2.746181106567382812e+01 2.197777557373046875e+01
2.734139823913574219e+01 1.982512474060058594e+01
2.752381324768066406e+01 1.937039184570312500e+01
2.698609542846679688e+01 2.115218925476074219e+01
3.224665451049804688e+01 2.564718055725097656e+01
2.760763931274414062e+01 2.116683197021484375e+01
2.882456016540527344e+01 2.774319076538085938e+01
2.974627304077148438e+01 2.765360832214355469e+01
2.793835639953613281e+01 2.635541152954101562e+01
2.812987518310546875e+01 2.227989578247070312e+01
2.886205291748046875e+01 2.250148773193359375e+01
3.126257324218750000e+01 2.349219131469726562e+01
2.996722984313964844e+01 2.117494583129882812e+01
2.878574180603027344e+01 2.010280799865722656e+01
2.819647979736328125e+01 2.270625114440917969e+01
2.807695198059082031e+01 2.252694320678710938e+01
3.007732200622558594e+01 2.412939071655273438e+01
2.562966156005859375e+01 2.498408699035644531e+01
2.899069404602050781e+01 2.114759254455566406e+01
3.199207496643066406e+01 2.309716796875000000e+01
2.681892585754394531e+01 2.126423454284667969e+01
2.731394195556640625e+01 1.980194664001464844e+01
2.944331169128417969e+01 2.493247604370117188e+01
2.731688690185546875e+01 1.590040111541748047e+01
2.901626205444335938e+01 2.652679443359375000e+01
2.860230255126953125e+01 1.996594619750976562e+01
3.317741775512695312e+01 2.053490447998046875e+01
3.053540802001953125e+01 2.187502479553222656e+01
2.804334831237792969e+01 2.408877944946289062e+01
2.913696479797363281e+01 2.321189880371093750e+01
2.660115623474121094e+01 2.366724395751953125e+01
3.023744964599609375e+01 2.060240936279296875e+01
3.051398086547851562e+01 2.317030906677246094e+01
2.513033294677734375e+01 2.399878692626953125e+01
2.806737709045410156e+01 2.266947555541992188e+01
2.989709091186523438e+01 2.444340896606445312e+01
2.799216651916503906e+01 2.034018707275390625e+01
2.835240745544433594e+01 2.107156944274902344e+01
2.767310142517089844e+01 2.238960075378417969e+01
2.838246345520019531e+01 2.522045707702636719e+01
2.932442474365234375e+01 2.018450546264648438e+01
2.450012016296386719e+01 2.310704421997070312e+01
2.976221656799316406e+01 2.016667366027832031e+01
2.759100341796875000e+01 2.405937194824218750e+01
3.217502975463867188e+01 2.324405097961425781e+01
2.517221450805664062e+01 1.768530845642089844e+01
3.085240936279296875e+01 2.235724639892578125e+01
2.770581817626953125e+01 2.217634773254394531e+01
3.012584686279296875e+01 2.362051391601562500e+01
2.828450965881347656e+01 1.808583641052246094e+01
2.928371238708496094e+01 1.957055664062500000e+01
2.880806159973144531e+01 2.201649284362792969e+01
2.801272583007812500e+01 2.297603988647460938e+01
3.200875091552734375e+01 1.894918251037597656e+01
3.026786422729492188e+01 1.948004341125488281e+01
2.926165008544921875e+01 2.203190231323242188e+01
2.897446250915527344e+01 2.301060867309570312e+01
2.527317810058593750e+01 2.693234252929687500e+01
3.058138275146484375e+01 2.530197906494140625e+01
2.715085411071777344e+01 2.109247589111328125e+01
2.886356735229492188e+01 2.106090736389160156e+01
3.130792808532714844e+01 2.175823211669921875e+01
3.138956260681152344e+01 2.310993194580078125e+01
2.689778518676757812e+01 2.115349197387695312e+01
2.670254325866699219e+01 2.268294143676757812e+01
2.554145622253417969e+01 2.370457077026367188e+01
3.017673873901367188e+01 2.491043663024902344e+01
2.831350708007812500e+01 1.865435409545898438e+01
2.843873405456542969e+01 2.354841804504394531e+01
2.712510871887207031e+01 2.057520866394042969e+01
2.844620513916015625e+01 2.175098419189453125e+01
3.158034896850585938e+01 2.158612251281738281e+01
2.631639289855957031e+01 2.206226348876953125e+01
2.865126609802246094e+01 2.234571075439453125e+01
2.890346336364746094e+01 1.958043289184570312e+01
2.898023414611816406e+01 2.217953109741210938e+01
2.714911460876464844e+01 2.087486839294433594e+01
2.951244354248046875e+01 2.240736007690429688e+01
3.066486358642578125e+01 1.844656944274902344e+01
2.976728248596191406e+01 2.458543395996093750e+01
2.864566612243652344e+01 2.042910194396972656e+01
2.861398315429687500e+01 2.367065238952636719e+01
2.775841522216796875e+01 2.558673858642578125e+01
2.596247863769531250e+01 1.985901832580566406e+01
2.885742950439453125e+01 2.148723030090332031e+01
3.154523468017578125e+01 2.279191017150878906e+01
2.977225112915039062e+01 2.447121429443359375e+01
2.663052940368652344e+01 2.185456848144531250e+01
2.922752952575683594e+01 2.387795257568359375e+01
2.783712577819824219e+01 2.248837852478027344e+01
2.995815849304199219e+01 2.049217796325683594e+01
2.684787750244140625e+01 2.243980216979980469e+01
2.824328994750976562e+01 2.377434730529785156e+01
2.832152748107910156e+01 2.287993431091308594e+01
3.033784675598144531e+01 2.162582015991210938e+01
2.853682708740234375e+01 2.285879898071289062e+01
2.805164146423339844e+01 2.369667816162109375e+01
2.849977302551269531e+01 2.002269363403320312e+01
2.652014160156250000e+01 2.298386192321777344e+01
2.944481277465820312e+01 1.976445770263671875e+01
2.555327796936035156e+01 2.654617691040039062e+01
2.777486991882324219e+01 2.292005348205566406e+01
3.115088653564453125e+01 2.363762474060058594e+01
2.858362197875976562e+01 2.624223136901855469e+01
2.989864158630371094e+01 2.168443870544433594e+01
3.122986793518066406e+01 2.557796478271484375e+01
2.417455101013183594e+01 2.153617095947265625e+01
2.897331619262695312e+01 2.318120574951171875e+01
2.926220321655273438e+01 2.235865974426269531e+01
2.714180183410644531e+01 2.749002075195312500e+01
2.450762557983398438e+01 2.170369148254394531e+01
2.704481887817382812e+01 2.274997520446777344e+01
2.935568237304687500e+01 2.278342819213867188e+01
2.810963439941406250e+01 2.136857795715332031e+01
2.596775436401367188e+01 2.082854080200195312e+01
2.834432029724121094e+01 2.174689483642578125e+01
2.598801231384277344e+01 2.437541389465332031e+01
2.679580879211425781e+01 2.494281005859375000e+01
2.703693199157714844e+01 2.649948120117187500e+01
3.057630157470703125e+01 2.279166984558105469e+01
3.592710113525390625e+01 2.505582046508789062e+01
2.660462760925292969e+01 2.394030761718750000e+01
2.978484535217285156e+01 2.131372833251953125e+01
2.652276992797851562e+01 2.281818389892578125e+01
2.761715698242187500e+01 2.519268417358398438e+01
2.737428283691406250e+01 2.115197944641113281e+01
2.729767036437988281e+01 2.192856788635253906e+01
2.572999191284179688e+01 2.129478645324707031e+01
3.134059143066406250e+01 2.300002479553222656e+01
3.136123085021972656e+01 2.273493576049804688e+01
2.752306556701660156e+01 2.592043304443359375e+01
2.923098182678222656e+01 2.341395759582519531e+01
2.856592369079589844e+01 -2.887249374389648438e+01
2.880697250366210938e+01 -2.737983703613281250e+01
2.823585510253906250e+01 -2.921743011474609375e+01
3.011128234863281250e+01 -2.711133766174316406e+01
3.026467323303222656e+01 -2.526577758789062500e+01
2.746286582946777344e+01 -2.591526222229003906e+01
2.963230895996093750e+01 -2.373027610778808594e+01
2.439212417602539062e+01 -2.547234344482421875e+01
3.051059150695800781e+01 -2.595283889770507812e+01
3.140569686889648438e+01 -2.746771049499511719e+01
3.024306488037109375e+01 -2.878916740417480469e+01
2.724865722656250000e+01 -2.880459403991699219e+01
2.661928558349609375e+01 -2.434740447998046875e+01
3.103783798217773438e+01 -2.384248161315917969e+01
3.120163345336914062e+01 -2.738467788696289062e+01
2.890338516235351562e+01 -2.641340637207031250e+01
2.720038414001464844e+01 -2.852759742736816406e+01
2.795093154907226562e+01 -2.635242652893066406e+01
2.894339370727539062e+01 -2.757641983032226562e+01
2.632662582397460938e+01 -2.829830932617187500e+01
2.996718215942382812e+01 -2.830808830261230469e+01
2.957374763488769531e+01 -2.795174026489257812e+01
2.647856330871582031e+01 -2.862872123718261719e+01
2.968985939025878906e+01 -2.783389854431152344e+01
2.450944519042968750e+01 -2.673057556152343750e+01
2.816431617736816406e+01 -2.445590400695800781e+01
3.285409545898437500e+01 -2.614653587341308594e+01
2.855266952514648438e+01 -3.041765975952148438e+01
2.957110786437988281e+01 -2.455353546142578125e+01
3.102804946899414062e+01 -2.247640991210937500e+01
2.781288909912109375e+01 -2.873459815979003906e+01
3.365584182739257812e+01 -2.275779151916503906e+01
2.922748947143554688e+01 -2.801215934753417969e+01
2.934369087219238281e+01 -2.702543830871582031e+01
2.935699653625488281e+01 -2.848941993713378906e+01
3.050697135925292969e+01 -2.578757095336914062e+01
2.704403305053710938e+01 -2.447174835205078125e+01
2.988265228271484375e+01 -2.671427536010742188e+01
2.782445716857910156e+01 -2.784980392456054688e+01
3.132058525085449219e+01 -2.685267829895019531e+01
2.847966957092285156e+01 -2.697334480285644531e+01
2.766981506347656250e+01 -2.709068870544433594e+01
2.622939872741699219e+01 -2.441914939880371094e+01
2.949742698669433594e+01 -2.944267272949218750e+01
2.918352317810058594e+01 -2.630239295959472656e+01
2.768030166625976562e+01 -2.844395256042480469e+01
2.815538024902343750e+01 -2.823453330993652344e+01
3.009523963928222656e+01 -2.635081672668457031e+01
2.939986038208007812e+01 -2.680551528930664062e+01
2.632905387878417969e+01 -2.190871047973632812e+01
2.999214363098144531e+01 -3.013620758056640625e+01
2.943840217590332031e+01 -2.758090972900390625e+01
2.841813087463378906e+01 -2.574606132507324219e+01
3.263918685913085938e+01 -3.188606262207031250e+01
2.686660766601562500e+01 -2.505068206787109375e+01
3.176855850219726562e+01 -2.631594276428222656e+01
3.186757278442382812e+01 -2.086473274230957031e+01
2.899905014038085938e+01 -2.906420898437500000e+01
2.977434539794921875e+01 -2.980295562744140625e+01
2.929575920104980469e+01 -2.674840545654296875e+01
2.637685012817382812e+01 -2.787476348876953125e+01
2.713908767700195312e+01 -3.104658889770507812e+01
3.082199096679687500e+01 -2.680772781372070312e+01
3.171277809143066406e+01 -2.654417610168457031e+01
2.981138229370117188e+01 -2.801153564453125000e+01
2.341680526733398438e+01 -2.407967567443847656e+01
2.597344017028808594e+01 -2.699919319152832031e+01
2.979888343811035156e+01 -2.713929939270019531e+01
3.004637908935546875e+01 -2.756808662414550781e+01
2.841523933410644531e+01 -2.929662704467773438e+01
3.253502655029296875e+01 -2.948807907104492188e+01
3.013807106018066406e+01 -2.573775863647460938e+01
2.940392303466796875e+01 -2.549405670166015625e+01
2.873888015747070312e+01 -2.609437751770019531e+01
2.848898506164550781e+01 -2.570108604431152344e+01
3.044731712341308594e+01 -2.920847892761230469e+01
2.888584518432617188e+01 -2.537168121337890625e+01
2.901455497741699219e+01 -2.395952224731445312e+01
2.761416435241699219e+01 -2.606524658203125000e+01
3.261540222167968750e+01 -2.894319152832031250e+01
3.277125167846679688e+01 -2.231009292602539062e+01
3.189653587341308594e+01 -2.179389572143554688e+01
3.074993324279785156e+01 -3.109113693237304688e+01
3.118974113464355469e+01 -2.520732688903808594e+01
2.851206588745117188e+01 -2.608047485351562500e+01
2.525179862976074219e+01 -2.546263694763183594e+01
3.049775314331054688e+01 -2.491565513610839844e+01
3.102026176452636719e+01 -2.423741149902343750e+01
2.788959121704101562e+01 -2.586122131347656250e+01
2.985117530822753906e+01 -2.985877990722656250e+01
2.746126937866210938e+01 -2.731517791748046875e+01
3.399592971801757812e+01 -2.784294700622558594e+01
3.262261962890625000e+01 -2.596081733703613281e+01
2.340230369567871094e+01 -2.601872253417968750e+01
3.221578216552734375e+01 -2.202226638793945312e+01
3.022394371032714844e+01 -2.984269523620605469e+01
2.879243087768554688e+01 -2.870501518249511719e+01
2.740967178344726562e+01 -2.795714378356933594e+01
2.376730918884277344e+01 -2.772324752807617188e+01
3.034890174865722656e+01 -2.555555725097656250e+01
2.862057495117187500e+01 -2.544892120361328125e+01
3.176396179199218750e+01 -2.816470336914062500e+01
3.012322998046875000e+01 -2.398358345031738281e+01
3.244918441772460938e+01 -2.562884140014648438e+01
3.100769042968750000e+01 -2.306571388244628906e+01
2.997204971313476562e+01 -2.506548500061035156e+01
2.961392211914062500e+01 -2.865347671508789062e+01
2.624414825439453125e+01 -2.530495262145996094e+01
3.208312606811523438e+01 -2.930792999267578125e+01
3.017478561401367188e+01 -2.761718177795410156e+01
3.082952690124511719e+01 -2.913846778869628906e+01
2.999868965148925781e+01 -2.880828094482421875e+01
2.905156517028808594e+01 -2.718096923828125000e+01
2.797847747802734375e+01 -2.436684799194335938e+01
2.958256530761718750e+01 -2.677317428588867188e+01
2.638293457031250000e+01 -3.033402633666992188e+01
2.730344963073730469e+01 -2.791678619384765625e+01
3.124572753906250000e+01 -2.985069274902343750e+01
3.008656311035156250e+01 -2.791035842895507812e+01
3.286390304565429688e+01 -2.491917037963867188e+01
3.167952728271484375e+01 -2.698359107971191406e+01
3.006982421875000000e+01 -2.430487632751464844e+01
3.479319381713867188e+01 -2.629987907409667969e+01
3.073987388610839844e+01 -1.938571166992187500e+01
3.234418106079101562e+01 -2.697475242614746094e+01
3.322315597534179688e+01 -2.870073318481445312e+01
2.709155845642089844e+01 -2.365413284301757812e+01
3.155882644653320312e+01 -3.298414230346679688e+01
3.068819046020507812e+01 -2.984115600585937500e+01
3.075360488891601562e+01 -3.180736160278320312e+01
2.911928367614746094e+01 -2.729755020141601562e+01
2.966369628906250000e+01 -2.672337913513183594e+01
2.966222190856933594e+01 -3.058612823486328125e+01
3.105863380432128906e+01 -2.743185997009277344e+01
3.000696754455566406e+01 -2.860049629211425781e+01
3.103957748413085938e+01 -2.573482894897460938e+01
2.716216278076171875e+01 -3.023236083984375000e+01
2.939688110351562500e+01 -3.015798568725585938e+01
3.085837554931640625e+01 -2.786945343017578125e+01
3.001701164245605469e+01 -2.502445220947265625e+01
2.916093444824218750e+01 -2.790581512451171875e+01
2.709182548522949219e+01 -2.520442962646484375e+01
2.822326469421386719e+01 -2.632467460632324219e+01
2.714366149902343750e+01 -2.642523574829101562e+01
2.985916709899902344e+01 -2.677497100830078125e+01
2.758489799499511719e+01 -2.842783164978027344e+01
2.602338409423828125e+01 -2.810543441772460938e+01
2.691944503784179688e+01 -2.754699897766113281e+01
3.061155700683593750e+01 -2.434508132934570312e+01
2.945554733276367188e+01 -2.734039306640625000e+01
3.092152404785156250e+01 -3.269385147094726562e+01
2.967700958251953125e+01 -2.583136940002441406e+01
3.001992797851562500e+01 -2.793619728088378906e+01
2.924830818176269531e+01 -2.624509429931640625e+01
2.997215080261230469e+01 -2.977925872802734375e+01
3.192682266235351562e+01 -2.788004112243652344e+01
2.865279579162597656e+01 -2.614116096496582031e+01
2.681234550476074219e+01 -3.012300491333007812e+01
2.652258682250976562e+01 -2.460328483581542969e+01
2.693594551086425781e+01 -2.637150573730468750e+01
3.236280059814453125e+01 -2.981019401550292969e+01
3.340048217773437500e+01 -2.715194129943847656e+01
3.020587730407714844e+01 -2.832379722595214844e+01
2.740153694152832031e+01 -2.428950309753417969e+01
3.089313316345214844e+01 -2.913586425781250000e+01
3.415983200073242188e+01 -2.517414665222167969e+01
2.725792312622070312e+01 -2.891110992431640625e+01
2.858508872985839844e+01 -2.544711685180664062e+01
3.340391921997070312e+01 -2.442423629760742188e+01
3.218386077880859375e+01 -2.294841194152832031e+01
2.888871192932128906e+01 -3.015703964233398438e+01
2.824675559997558594e+01 -2.871623420715332031e+01
2.950734901428222656e+01 -2.833106803894042969e+01
2.964674949645996094e+01 -2.499729919433593750e+01
3.212340164184570312e+01 -2.595781707763671875e+01
2.933418273925781250e+01 -2.466543579101562500e+01
2.827036094665527344e+01 -2.710004997253417969e+01
3.037083244323730469e+01 -2.983271789550781250e+01
2.490910148620605469e+01 -2.379894256591796875e+01
2.706217956542968750e+01 -2.390180969238281250e+01
2.588304519653320312e+01 -2.932923126220703125e+01
2.932797622680664062e+01 -2.565670013427734375e+01
3.036734771728515625e+01 -2.554871368408203125e+01
3.146560478210449219e+01 -2.853352546691894531e+01
3.169724845886230469e+01 -2.564132118225097656e+01
3.238496398925781250e+01 -2.563562393188476562e+01
3.036197090148925781e+01 -2.583221626281738281e+01
3.236998367309570312e+01 -2.542769622802734375e+01
3.184890937805175781e+01 -2.793353843688964844e+01
3.073444938659667969e+01 -2.927483558654785156e+01
3.136767578125000000e+01 -2.641038703918457031e+01
2.701790046691894531e+01 -2.354714584350585938e+01
2.866928672790527344e+01 -2.994487762451171875e+01
3.152103233337402344e+01 -2.868260574340820312e+01
2.677330780029296875e+01 -2.720804214477539062e+01
2.761624717712402344e+01 -2.558232879638671875e+01
3.243946075439453125e+01 -2.646611022949218750e+01
2.834432411193847656e+01 -2.944774436950683594e+01
2.509866523742675781e+01 -2.556667900085449219e+01
3.269834136962890625e+01 -2.613935279846191406e+01
2.698403167724609375e+01 -2.469169616699218750e+01
2.598135375976562500e+01 -2.870703887939453125e+01
3.032558441162109375e+01 -2.745581436157226562e+01
2.824275588989257812e+01 -2.877146148681640625e+01
2.862945747375488281e+01 -2.257593536376953125e+01
2.846134376525878906e+01 -2.420754241943359375e+01
2.743890571594238281e+01 -2.925995635986328125e+01
2.726512527465820312e+01 -2.609980773925781250e+01
3.125975608825683594e+01 -2.666799736022949219e+01
2.871225166320800781e+01 -2.854149246215820312e+01
3.089222908020019531e+01 -2.769849014282226562e+01
2.893357849121093750e+01 -2.695255088806152344e+01
2.992313003540039062e+01 -2.322160720825195312e+01
2.942288208007812500e+01 -2.888995170593261719e+01
2.735848236083984375e+01 -2.806948280334472656e+01
2.936119079589843750e+01 -2.548953437805175781e+01
2.696906280517578125e+01 -2.840271186828613281e+01
2.405601310729980469e+01 -2.317899322509765625e+01
2.684449005126953125e+01 -2.935790443420410156e+01
2.872675132751464844e+01 -2.426144218444824219e+01
2.882614135742187500e+01 -2.284981536865234375e+01
3.019637107849121094e+01 -2.550094604492187500e+01
3.035966682434082031e+01 -2.781285095214843750e+01
2.807325172424316406e+01 -2.743357467651367188e+01
3.102824783325195312e+01 -2.661717987060546875e+01
3.413923263549804688e+01 -3.283244705200195312e+01
2.982860946655273438e+01 -2.828822135925292969e+01
2.871768951416015625e+01 -2.762265586853027344e+01
2.940704727172851562e+01 -2.831985282897949219e+01
2.549490356445312500e+01 -2.726020431518554688e+01
2.757654190063476562e+01 -2.871482276916503906e+01
2.890489196777343750e+01 -2.742509651184082031e+01
2.925854873657226562e+01 -3.047022247314453125e+01
2.884628105163574219e+01 -2.535391616821289062e+01
2.938542747497558594e+01 -3.021384620666503906e+01
3.162293815612792969e+01 -3.262818908691406250e+01
2.952146339416503906e+01 -2.448140144348144531e+01
2.671320152282714844e+01 -2.761356353759765625e+01
3.032859039306640625e+01 -2.645205688476562500e+01
3.115656089782714844e+01 -3.004804992675781250e+01
2.989788818359375000e+01 -2.663077735900878906e+01
2.599301910400390625e+01 -2.482674598693847656e+01
3.067440032958984375e+01 -2.441112136840820312e+01
3.083967208862304688e+01 -2.674986267089843750e+01
2.710429573059082031e+01 -2.878276824951171875e+01
2.829471588134765625e+01 -2.789500808715820312e+01
3.004115676879882812e+01 -2.831414413452148438e+01
2.626724815368652344e+01 -2.519437408447265625e+01
3.105867385864257812e+01 -2.642365264892578125e+01
2.862177085876464844e+01 -3.060801696777343750e+01
-2.564430809020996094e+01 1.616588592529296875e+01
-2.535826301574707031e+01 1.724574470520019531e+01
-2.729496574401855469e+01 1.808675765991210938e+01
-2.438171005249023438e+01 1.789876365661621094e+01
-2.355321311950683594e+01 1.884498214721679688e+01
-2.235052490234375000e+01 1.521316814422607422e+01
-2.577674484252929688e+01 1.567316246032714844e+01
-2.202673912048339844e+01 1.716150093078613281e+01
-2.387705802917480469e+01 1.676782226562500000e+01
-2.588899040222167969e+01 1.372861385345458984e+01
-2.346041107177734375e+01 1.661477851867675781e+01
-2.240139198303222656e+01 1.448876285552978516e+01
-2.448462486267089844e+01 1.762556076049804688e+01
-2.017838859558105469e+01 1.988371276855468750e+01
-2.538195228576660156e+01 1.764656829833984375e+01
-2.482292556762695312e+01 1.384495639801025391e+01
-2.433022880554199219e+01 1.616156959533691406e+01
-2.044431686401367188e+01 1.891825294494628906e+01
-2.553211593627929688e+01 1.553733444213867188e+01
-2.538037681579589844e+01 1.762490844726562500e+01
-2.044148254394531250e+01 1.702491188049316406e+01
-2.623209762573242188e+01 1.937320518493652344e+01
-2.003110313415527344e+01 1.184954547882080078e+01
-2.237336158752441406e+01 1.836625480651855469e+01
-1.974495124816894531e+01 1.643604850769042969e+01
-2.744573974609375000e+01 1.514592170715332031e+01
-2.493551635742187500e+01 1.920313644409179688e+01
-2.470836830139160156e+01 1.328207492828369141e+01
-2.232791328430175781e+01 1.569046783447265625e+01
-2.391635894775390625e+01 2.090666961669921875e+01
-2.401583099365234375e+01 1.693941116333007812e+01
-2.387274932861328125e+01 1.423016738891601562e+01
-2.498265647888183594e+01 1.790510559082031250e+01
-1.892795562744140625e+01 1.613726425170898438e+01
-2.152094459533691406e+01 1.543174457550048828e+01
-2.425941276550292969e+01 1.544549560546875000e+01
-2.202952384948730469e+01 1.796174621582031250e+01
-1.895935249328613281e+01 1.555938625335693359e+01
-2.514314460754394531e+01 1.900096893310546875e+01
-2.071599388122558594e+01 2.019821739196777344e+01
-2.270884323120117188e+01 2.220103073120117188e+01
-2.098041152954101562e+01 1.682032203674316406e+01
-2.519304275512695312e+01 1.257513999938964844e+01
-2.306845664978027344e+01 1.944738006591796875e+01
-2.531970405578613281e+01 1.671601676940917969e+01
-2.747877693176269531e+01 1.425497436523437500e+01
-2.053536415100097656e+01 1.847860145568847656e+01
-2.428931045532226562e+01 1.954472160339355469e+01
-2.615659713745117188e+01 1.555803298950195312e+01
-2.221473312377929688e+01 1.497947406768798828e+01
-3.083198928833007812e+01 1.533049011230468750e+01
-2.296414375305175781e+01 1.885448455810546875e+01
-2.230575180053710938e+01 1.471310710906982422e+01
-2.592507171630859375e+01 1.799158096313476562e+01
-2.221563529968261719e+01 1.469480323791503906e+01
-2.818259429931640625e+01 2.036392021179199219e+01
-2.232043647766113281e+01 1.425330162048339844e+01
-2.470775413513183594e+01 1.611380577087402344e+01
-2.223716354370117188e+01 2.062265968322753906e+01
-2.106242561340332031e+01 1.752026176452636719e+01
-2.310551834106445312e+01 1.597975730895996094e+01
-2.453983879089355469e+01 1.917276573181152344e+01
-2.782671165466308594e+01 1.603026199340820312e+01
-2.126125144958496094e+01 1.414562416076660156e+01
-2.845236587524414062e+01 1.478625106811523438e+01
-2.104014968872070312e+01 1.642977523803710938e+01
-2.496830177307128906e+01 1.870844650268554688e+01
-2.621492576599121094e+01 1.420444393157958984e+01
-2.160093307495117188e+01 1.783543586730957031e+01
-2.119374275207519531e+01 1.732839775085449219e+01
-2.346532821655273438e+01 1.617914390563964844e+01
-2.451496124267578125e+01 1.480343532562255859e+01
-2.410994148254394531e+01 1.720672607421875000e+01
-2.307781028747558594e+01 1.532335281372070312e+01
-2.574892807006835938e+01 1.728894996643066406e+01
-2.360967636108398438e+01 1.203003215789794922e+01
-2.169798851013183594e+01 1.838034820556640625e+01
-2.286237335205078125e+01 1.613547706604003906e+01
-2.581863021850585938e+01 1.525602436065673828e+01
-2.524832534790039062e+01 1.665618896484375000e+01
-2.088033485412597656e+01 1.624699783325195312e+01
-2.862261390686035156e+01 1.794267463684082031e+01
-2.088637161254882812e+01 1.572815227508544922e+01
-2.244206809997558594e+01 1.953019714355468750e+01
-1.972877693176269531e+01 1.559047698974609375e+01
-2.226878929138183594e+01 1.586110019683837891e+01
-2.286516380310058594e+01 1.568376445770263672e+01
-2.865718460083007812e+01 1.966816711425781250e+01
-2.372714996337890625e+01 1.898164939880371094e+01
-2.208469390869140625e+01 1.173513221740722656e+01
-2.490045547485351562e+01 1.602876853942871094e+01
-2.355778312683105469e+01 1.593206691741943359e+01
-2.690939903259277344e+01 1.929119491577148438e+01
-2.417410659790039062e+01 1.919135093688964844e+01
-2.342718887329101562e+01 1.029784202575683594e+01
-2.623143005371093750e+01 2.179608535766601562e+01
-2.618921279907226562e+01 1.663070297241210938e+01
-2.882339477539062500e+01 1.619137191772460938e+01
-2.243373870849609375e+01 1.657502365112304688e+01
-2.132519531250000000e+01 1.892394447326660156e+01
-2.269182205200195312e+01 1.296521282196044922e+01
-2.459769821166992188e+01 1.518135261535644531e+01
-2.393973159790039062e+01 1.698024749755859375e+01
-2.025431442260742188e+01 1.669827079772949219e+01
-2.156566238403320312e+01 1.398644065856933594e+01
-2.112041473388671875e+01 1.886631965637207031e+01
-2.140026092529296875e+01 1.599046516418457031e+01
-2.320139122009277344e+01 1.673291397094726562e+01
-2.373301124572753906e+01 1.835065650939941406e+01
-2.249438285827636719e+01 1.387151527404785156e+01
-2.150494003295898438e+01 1.416532802581787109e+01
-2.475631713867187500e+01 1.990250778198242188e+01
-2.149136161804199219e+01 1.638842582702636719e+01
-2.185613632202148438e+01 2.290754890441894531e+01
-1.762834930419921875e+01 1.870525932312011719e+01
-2.393635940551757812e+01 1.769841384887695312e+01
-2.813166427612304688e+01 1.566156959533691406e+01
-2.129020881652832031e+01 1.456720829010009766e+01
-2.349139595031738281e+01 1.424475574493408203e+01
-2.356496429443359375e+01 1.648052024841308594e+01
-2.640981292724609375e+01 1.929550361633300781e+01
-2.087893867492675781e+01 1.910074424743652344e+01
-2.079899406433105469e+01 1.749828910827636719e+01
-2.675079154968261719e+01 2.126830291748046875e+01
-2.411691474914550781e+01 1.572156620025634766e+01
-2.227367782592773438e+01 1.389367580413818359e+01
-2.427623558044433594e+01 1.907880210876464844e+01
-2.822245979309082031e+01 1.632049369812011719e+01
-2.307401847839355469e+01 1.446640300750732422e+01
-1.985682106018066406e+01 1.592491817474365234e+01
-2.652905273437500000e+01 2.156970787048339844e+01
-2.609976196289062500e+01 1.868022918701171875e+01
-2.344941902160644531e+01 1.450282096862792969e+01
-2.081171035766601562e+01 1.659661865234375000e+01
-2.242652893066406250e+01 1.624606323242187500e+01
-2.266840553283691406e+01 1.904952621459960938e+01
-2.567733764648437500e+01 1.623343086242675781e+01
-2.442849349975585938e+01 1.890971374511718750e+01
-2.418597221374511719e+01 1.915954780578613281e+01
-2.104572105407714844e+01 1.799779510498046875e+01
-2.552885627746582031e+01 1.704686355590820312e+01
-2.221975898742675781e+01 1.369784164428710938e+01
-2.713753890991210938e+01 1.475077056884765625e+01
-2.222677993774414062e+01 2.057337188720703125e+01
-2.807129096984863281e+01 1.761335945129394531e+01
-2.227408981323242188e+01 1.810555267333984375e+01
-2.644685935974121094e+01 1.448982429504394531e+01
-2.372968101501464844e+01 1.514280605316162109e+01
-2.070758056640625000e+01 1.712638854980468750e+01
-2.249901390075683594e+01 1.837675476074218750e+01
-2.195582008361816406e+01 2.456365966796875000e+01
-2.420457458496093750e+01 1.794160270690917969e+01
-2.330994606018066406e+01 1.556985950469970703e+01
-2.447452926635742188e+01 1.759028816223144531e+01
-2.399201393127441406e+01 1.851873588562011719e+01
-2.137243270874023438e+01 1.715518951416015625e+01
-2.408253097534179688e+01 1.359886932373046875e+01
-2.182640075683593750e+01 1.420267295837402344e+01
-2.284538078308105469e+01 1.445108318328857422e+01
-2.588236236572265625e+01 1.876461029052734375e+01
-2.205750083923339844e+01 1.335307312011718750e+01
-2.148241996765136719e+01 1.778101348876953125e+01
-2.253375053405761719e+01 1.212262344360351562e+01
-2.441124343872070312e+01 1.561848831176757812e+01
-1.935787391662597656e+01 1.946606254577636719e+01
-2.148310661315917969e+01 1.569436264038085938e+01
-2.355711555480957031e+01 1.719314384460449219e+01
-2.208098793029785156e+01 1.692108154296875000e+01
-2.619325447082519531e+01 2.096093559265136719e+01
-2.482548904418945312e+01 1.618246841430664062e+01
-2.346220588684082031e+01 1.668890571594238281e+01
-2.238242721557617188e+01 1.694630432128906250e+01
-2.468843269348144531e+01 1.478478813171386719e+01
-2.496137619018554688e+01 1.823208999633789062e+01
-2.348362922668457031e+01 1.667012023925781250e+01
-2.388072395324707031e+01 1.395661926269531250e+01
-2.189416885375976562e+01 2.220318412780761719e+01
-1.954656791687011719e+01 1.835028076171875000e+01
-2.200704956054687500e+01 1.075687599182128906e+01
-2.382009124755859375e+01 1.367336273193359375e+01
-2.220584487915039062e+01 1.825256347656250000e+01
-2.584948730468750000e+01 1.784578132629394531e+01
-2.136138916015625000e+01 1.498353004455566406e+01
-2.247887420654296875e+01 1.938281250000000000e+01
-2.452343368530273438e+01 1.646339988708496094e+01
-2.589488983154296875e+01 1.486145401000976562e+01
-2.230001258850097656e+01 1.662254142761230469e+01
-2.444567298889160156e+01 1.674018096923828125e+01
-2.451342964172363281e+01 1.407026863098144531e+01
-1.796250152587890625e+01 1.691391563415527344e+01
-2.113561820983886719e+01 1.605995178222656250e+01
-2.361696052551269531e+01 1.269743442535400391e+01
-2.332431221008300781e+01 1.620414543151855469e+01
-2.203698730468750000e+01 1.588255119323730469e+01
-2.242493057250976562e+01 2.024845695495605469e+01
-2.389536094665527344e+01 1.499198722839355469e+01
-2.271166038513183594e+01 2.145094680786132812e+01
-2.375470161437988281e+01 1.587242507934570312e+01
-2.259876632690429688e+01 1.245396423339843750e+01
-2.380753898620605469e+01 1.631256866455078125e+01
-2.183296012878417969e+01 1.517143344879150391e+01
-1.926130104064941406e+01 1.474338340759277344e+01
-2.297350311279296875e+01 1.788301277160644531e+01
-2.121465301513671875e+01 1.504561614990234375e+01
-2.026693725585937500e+01 1.369147777557373047e+01
-2.401380538940429688e+01 1.589436435699462891e+01
-2.190002822875976562e+01 1.775539779663085938e+01
-2.266071510314941406e+01 1.703504562377929688e+01
-2.109187126159667969e+01 1.732890129089355469e+01
-2.035073852539062500e+01 1.721725845336914062e+01
-2.144427680969238281e+01 1.646870040893554688e+01
-2.131225585937500000e+01 1.373937511444091797e+01
-2.235625267028808594e+01 1.890813446044921875e+01
-2.324890708923339844e+01 1.723415565490722656e+01
-2.420153999328613281e+01 1.437501525878906250e+01
-2.237354469299316406e+01 1.900089454650878906e+01
-2.498109817504882812e+01 1.655439758300781250e+01
-2.225525665283203125e+01 1.437810039520263672e+01
-2.439854812622070312e+01 1.862078857421875000e+01
-2.394297027587890625e+01 1.607836341857910156e+01
-2.167041778564453125e+01 1.918009567260742188e+01
-2.633626937866210938e+01 1.782664680480957031e+01
-2.117832565307617188e+01 1.568239116668701172e+01
-2.567667198181152344e+01 1.407637405395507812e+01
-2.288481712341308594e+01 1.857669448852539062e+01
-1.957750701904296875e+01 1.424531078338623047e+01
-2.566624832153320312e+01 1.855191802978515625e+01
-2.595868492126464844e+01 1.788787460327148438e+01
-2.490009307861328125e+01 1.798154640197753906e+01
-2.469499015808105469e+01 1.556818389892578125e+01
-2.262262344360351562e+01 1.334693717956542969e+01
-2.681972885131835938e+01 1.708888053894042969e+01
-2.756196022033691406e+01 1.758327293395996094e+01
-2.318783760070800781e+01 1.453718280792236328e+01
-2.622753334045410156e+01 1.909544181823730469e+01
-2.607089233398437500e+01 1.631525611877441406e+01
-2.529141998291015625e+01 1.702470397949218750e+01
-2.476534080505371094e+01 1.481117248535156250e+01
-2.041437339782714844e+01 1.642116165161132812e+01
-2.653513336181640625e+01 1.742947387695312500e+01
-2.572114372253417969e+01 2.089915657043457031e+01
-2.046239471435546875e+01 1.523164176940917969e+01
-2.321539688110351562e+01 1.472287559509277344e+01
-2.469079971313476562e+01 1.862186813354492188e+01
-2.473557472229003906e+01 1.938646125793457031e+01
-2.555559349060058594e+01 1.655721855163574219e+01
-1.676745223999023438e+01 1.436889266967773438e+01
-2.578085517883300781e+01 2.009168434143066406e+01
-2.337554550170898438e+01 1.479724693298339844e+01
-2.031104278564453125e+01 1.678983497619628906e+01
-3.139374542236328125e+01 3.235307312011718750e+01
-3.682561111450195312e+01 3.230606079101562500e+01
-3.140124511718750000e+01 3.324756240844726562e+01
-3.270079803466796875e+01 3.471020126342773438e+01
-3.066541671752929688e+01 3.492260360717773438e+01
-3.240784835815429688e+01 3.078966903686523438e+01
-2.992811775207519531e+01 3.386205291748046875e+01
-3.219842529296875000e+01 3.348775482177734375e+01
-3.393135452270507812e+01 3.172183036804199219e+01
-3.394087219238281250e+01 3.549333572387695312e+01
-3.254028320312500000e+01 3.585044097900390625e+01
-3.330231857299804688e+01 3.354464340209960938e+01
-3.161112022399902344e+01 3.517447662353515625e+01
-3.302956008911132812e+01 3.099684524536132812e+01
-3.112269020080566406e+01 3.306342697143554688e+01
-3.041331672668457031e+01 3.541879272460937500e+01
-3.138191223144531250e+01 3.411385726928710938e+01
-3.459621429443359375e+01 3.395500564575195312e+01
-3.548995971679687500e+01 3.510590362548828125e+01
-3.066104888916015625e+01 3.204690170288085938e+01
-3.049631881713867188e+01 3.770077133178710938e+01
-2.701194190979003906e+01 3.900733566284179688e+01
-3.295092391967773438e+01 3.524878692626953125e+01
-3.184626770019531250e+01 3.087199401855468750e+01
-3.494115066528320312e+01 3.316660308837890625e+01
-3.019997978210449219e+01 2.870320129394531250e+01
-3.116434097290039062e+01 3.244921112060546875e+01
-3.386061096191406250e+01 3.847472381591796875e+01
-2.931254577636718750e+01 3.655887222290039062e+01
-3.352868652343750000e+01 3.562704086303710938e+01
-3.255100631713867188e+01 3.723007583618164062e+01
-3.413168716430664062e+01 3.269093704223632812e+01
-3.481257629394531250e+01 3.340269851684570312e+01
-3.374041748046875000e+01 3.521913146972656250e+01
-2.973696708679199219e+01 3.412059020996093750e+01
-3.488883590698242188e+01 3.666927719116210938e+01
-3.645766067504882812e+01 3.366740036010742188e+01
-3.187966728210449219e+01 3.245333862304687500e+01
-3.312081909179687500e+01 3.417061614990234375e+01
-3.328799819946289062e+01 3.450251007080078125e+01
-3.000710296630859375e+01 3.323329162597656250e+01
-3.379161834716796875e+01 3.114004325866699219e+01
-3.017046356201171875e+01 3.558423614501953125e+01
-3.221828842163085938e+01 3.107132720947265625e+01
-3.219256973266601562e+01 3.148532104492187500e+01
-3.274217605590820312e+01 3.528180694580078125e+01
-2.811505126953125000e+01 3.399838256835937500e+01
-3.294545364379882812e+01 3.207000732421875000e+01
-2.971557426452636719e+01 3.082662582397460938e+01
-3.644797897338867188e+01 3.654421997070312500e+01
-3.467521286010742188e+01 3.279620361328125000e+01
-2.870911216735839844e+01 3.687534332275390625e+01
-3.187451744079589844e+01 3.274170684814453125e+01
-3.482370758056640625e+01 3.192331886291503906e+01
-2.860525131225585938e+01 3.254288482666015625e+01
-3.245151901245117188e+01 3.505759811401367188e+01
-3.393739318847656250e+01 3.771759796142578125e+01
-3.428913116455078125e+01 3.583308792114257812e+01
-3.190558052062988281e+01 3.327479553222656250e+01
-3.148376846313476562e+01 3.535754394531250000e+01
-3.521445846557617188e+01 3.281517028808593750e+01
-3.241423797607421875e+01 2.999707412719726562e+01
-3.077186775207519531e+01 3.749649810791015625e+01
-3.223381423950195312e+01 3.693948364257812500e+01
-3.712923431396484375e+01 3.222130584716796875e+01
-3.415936660766601562e+01 3.062399482727050781e+01
-3.082267379760742188e+01 3.583045578002929688e+01
-3.322025680541992188e+01 3.488188934326171875e+01
-3.300814056396484375e+01 3.279400253295898438e+01
-3.186306190490722656e+01 3.551044082641601562e+01
-3.437847518920898438e+01 3.249045181274414062e+01
-3.040874671936035156e+01 3.413990402221679688e+01
-3.304150390625000000e+01 3.498202896118164062e+01
-3.150728416442871094e+01 3.562919235229492188e+01
-3.387884521484375000e+01 3.511916351318359375e+01
-2.925617980957031250e+01 3.044240760803222656e+01
-2.952976799011230469e+01 3.364131927490234375e+01
-3.022998237609863281e+01 3.467496109008789062e+01
-3.160285949707031250e+01 3.355365753173828125e+01
-3.401269912719726562e+01 3.196644210815429688e+01
-2.935970306396484375e+01 3.281660842895507812e+01
-3.340093994140625000e+01 3.283736419677734375e+01
-3.314906311035156250e+01 2.992212104797363281e+01
-3.067849349975585938e+01 3.309389114379882812e+01
-3.321818161010742188e+01 3.567403030395507812e+01
-3.533679962158203125e+01 3.465466690063476562e+01
-3.552563858032226562e+01 3.698707199096679688e+01
-3.243781661987304688e+01 3.590563201904296875e+01
-3.247162246704101562e+01 2.996486473083496094e+01
-3.241159820556640625e+01 4.137953186035156250e+01
-3.331652832031250000e+01 3.307756423950195312e+01
-3.099968719482421875e+01 3.686126708984375000e+01
-3.044923019409179688e+01 3.595929336547851562e+01
-3.178908538818359375e+01 3.597599792480468750e+01
-3.335032653808593750e+01 3.216670989990234375e+01
-3.532174682617187500e+01 3.680308532714843750e+01
-3.248712921142578125e+01 3.295854187011718750e+01
-3.195337677001953125e+01 3.360394668579101562e+01
-3.021663665771484375e+01 3.364876174926757812e+01
-3.139538764953613281e+01 3.351250839233398438e+01
-2.909398078918457031e+01 3.467273712158203125e+01
-3.378746032714843750e+01 3.521691131591796875e+01
-3.029097747802734375e+01 3.454981231689453125e+01
-3.114770507812500000e+01 3.415714263916015625e+01
-3.131026458740234375e+01 3.783001708984375000e+01
-3.208016586303710938e+01 3.554536437988281250e+01
-2.767023658752441406e+01 3.638274002075195312e+01
-2.502421569824218750e+01 3.381103897094726562e+01
-3.085589599609375000e+01 3.565710449218750000e+01
-3.483153152465820312e+01 3.641474151611328125e+01
-3.558373641967773438e+01 3.705146026611328125e+01
-2.888764572143554688e+01 3.631548690795898438e+01
-2.569846725463867188e+01 3.933150482177734375e+01
-3.084565734863281250e+01 3.849275207519531250e+01
-3.342640304565429688e+01 3.168921661376953125e+01
-3.152391242980957031e+01 3.385422897338867188e+01
-3.035741996765136719e+01 3.532940292358398438e+01
-3.252428054809570312e+01 3.288383102416992188e+01
-2.715400314331054688e+01 3.527624130249023438e+01
-3.327716445922851562e+01 3.171017265319824219e+01
-3.347570037841796875e+01 3.674183273315429688e+01
-3.589728927612304688e+01 3.383875274658203125e+01
-3.270353317260742188e+01 3.447228240966796875e+01
-3.114038276672363281e+01 3.553491210937500000e+01
-3.542969512939453125e+01 2.987568664550781250e+01
-3.639329528808593750e+01 3.690901565551757812e+01
-3.247642135620117188e+01 2.961451721191406250e+01
-3.492192459106445312e+01 3.327714920043945312e+01
-3.163141059875488281e+01 3.537203598022460938e+01
-3.292739868164062500e+01 3.402330780029296875e+01
-3.483761978149414062e+01 3.496449279785156250e+01
-3.448617935180664062e+01 3.936459732055664062e+01
-3.203291702270507812e+01 3.329449462890625000e+01
-3.159648895263671875e+01 3.206986236572265625e+01
-3.385874557495117188e+01 3.434677124023437500e+01
-3.476543807983398438e+01 3.734463500976562500e+01
-3.212397766113281250e+01 3.114118576049804688e+01
-3.041234207153320312e+01 3.165348052978515625e+01
-2.939632606506347656e+01 3.280606079101562500e+01
-3.238871002197265625e+01 3.488461685180664062e+01
-3.255220794677734375e+01 3.470012283325195312e+01
-3.011947059631347656e+01 3.480810928344726562e+01
-3.423538208007812500e+01 3.551067733764648438e+01
-3.169640350341796875e+01 3.325775527954101562e+01
-2.936874008178710938e+01 3.272038269042968750e+01
-3.079767990112304688e+01 3.198581123352050781e+01
-3.175708389282226562e+01 3.881434249877929688e+01
-3.433036804199218750e+01 3.516753768920898438e+01
-2.997777938842773438e+01 3.646761322021484375e+01
-2.780655097961425781e+01 3.087735366821289062e+01
-3.274308395385742188e+01 3.868484115600585938e+01
-3.527566528320312500e+01 3.540249633789062500e+01
-3.364859008789062500e+01 3.407886886596679688e+01
-3.241505813598632812e+01 3.260012817382812500e+01
-3.596068572998046875e+01 2.907464981079101562e+01
-3.035499572753906250e+01 2.895065116882324219e+01
-3.668244171142578125e+01 3.322898864746093750e+01
-3.381989288330078125e+01 3.361532974243164062e+01
-3.089341545104980469e+01 3.444276809692382812e+01
-3.157377243041992188e+01 3.071989440917968750e+01
-3.087034988403320312e+01 3.519905471801757812e+01
-3.008817291259765625e+01 3.251738357543945312e+01
-3.440304183959960938e+01 3.734777832031250000e+01
-3.277639007568359375e+01 3.562284088134765625e+01
-3.398153686523437500e+01 3.495223617553710938e+01
-3.558965682983398438e+01 3.615235519409179688e+01
-3.473691940307617188e+01 3.351842117309570312e+01
-2.813127899169921875e+01 3.187985229492187500e+01
-3.169910240173339844e+01 3.737896728515625000e+01
-3.546586227416992188e+01 3.724546051025390625e+01
-3.737596130371093750e+01 3.813761520385742188e+01
-3.471407699584960938e+01 3.196473884582519531e+01
-3.223156356811523438e+01 3.681819534301757812e+01
-3.653886795043945312e+01 4.093659973144531250e+01
-3.501591491699218750e+01 3.638760757446289062e+01
-2.892308235168457031e+01 3.449060058593750000e+01
-3.121192359924316406e+01 3.555660629272460938e+01
-3.415674591064453125e+01 3.565386962890625000e+01
-3.533716964721679688e+01 3.353482055664062500e+01
-3.167409706115722656e+01 3.177607536315917969e+01
-2.966580009460449219e+01 3.648122406005859375e+01
-3.124090003967285156e+01 3.551515960693359375e+01
-2.532347106933593750e+01 3.514622116088867188e+01
-3.423904037475585938e+01 3.735391998291015625e+01
-3.207515335083007812e+01 3.720383834838867188e+01
-3.066955375671386719e+01 3.474402999877929688e+01
-2.820123672485351562e+01 3.564459228515625000e+01
-3.425716400146484375e+01 3.810255050659179688e+01
-3.072418594360351562e+01 3.709300231933593750e+01
-3.458478164672851562e+01 3.329798889160156250e+01
-3.309675216674804688e+01 3.403345108032226562e+01
-3.237040328979492188e+01 3.807253646850585938e+01
-3.413404846191406250e+01 3.490354537963867188e+01
-3.431052017211914062e+01 3.281967926025390625e+01
-3.272534179687500000e+01 3.430324935913085938e+01
-3.151703071594238281e+01 3.413607406616210938e+01
-3.415578460693359375e+01 3.172263336181640625e+01
-3.130427742004394531e+01 3.301012802124023438e+01
-2.817842102050781250e+01 3.610138702392578125e+01
-2.820451545715332031e+01 3.399103546142578125e+01
-3.284507751464843750e+01 3.380536651611328125e+01
-3.250107955932617188e+01 3.579360198974609375e+01
-3.267203140258789062e+01 3.407072830200195312e+01
-3.238825607299804688e+01 3.416714096069335938e+01
-3.219694519042968750e+01 3.396298217773437500e+01
-3.408934020996093750e+01 3.499084854125976562e+01
-3.604808425903320312e+01 3.833822250366210938e+01
-2.994271278381347656e+01 3.394010162353515625e+01
-3.521024322509765625e+01 3.417124557495117188e+01
-3.303730773925781250e+01 3.404639816284179688e+01
-3.309255981445312500e+01 3.573561477661132812e+01
-3.879724502563476562e+01 3.369093704223632812e+01
-2.916485595703125000e+01 3.772280883789062500e+01
-3.260623168945312500e+01 3.606114578247070312e+01
-3.538974761962890625e+01 3.846638107299804688e+01
-3.176188087463378906e+01 3.459891891479492188e+01
-3.225268936157226562e+01 3.477504730224609375e+01
-3.180539703369140625e+01 3.471237182617187500e+01
-3.497565460205078125e+01 3.479105758666992188e+01
-3.459769821166992188e+01 3.817479324340820312e+01
-3.367350769042968750e+01 3.764947891235351562e+01
-3.390753555297851562e+01 3.424857330322265625e+01
-3.830096435546875000e+01 3.224465942382812500e+01
-3.314323425292968750e+01 3.309567642211914062e+01
-3.470655059814453125e+01 3.613958740234375000e+01
-3.327883148193359375e+01 3.363350296020507812e+01
-3.501510238647460938e+01 3.407458114624023438e+01
-3.236147308349609375e+01 3.389503479003906250e+01
-2.860331344604492188e+01 3.358945465087890625e+01
-3.235791015625000000e+01 3.349595260620117188e+01
-3.217988967895507812e+01 3.479764938354492188e+01
-3.179196166992187500e+01 3.539163208007812500e+01
-3.023922348022460938e+01 3.409657287597656250e+01
-3.436821365356445312e+01 3.570038604736328125e+01
-3.268818283081054688e+01 3.644125747680664062e+01
-3.495744323730468750e+01 3.493186950683593750e+01
-3.025372123718261719e+01 3.223392486572265625e+01
-3.149660110473632812e+01 3.892024230957031250e+01
-3.256245422363281250e+01 3.826306533813476562e+01
-3.463077545166015625e+01 3.079535675048828125e+01
-3.023410987854003906e+01 3.325609588623046875e+01
-3.240549468994140625e+01 3.874662399291992188e+01
-3.268670272827148438e+01 3.786917114257812500e+01
-2.915025901794433594e+01 3.652246093750000000e+01
-3.291944503784179688e+01 4.024755477905273438e+01
-3.385301971435546875e+01 3.394105148315429688e+01
-3.389188766479492188e+01 2.945464134216308594e+01
-2.782003784179687500e+01 3.274104309082031250e+01
-3.036099624633789062e+01 3.737323379516601562e+01
-3.393842697143554688e+01 3.566014099121093750e+01
1.057735252380371094e+01 4.814053535461425781e+00
5.365519523620605469e+00 5.621479988098144531e+00
7.135801315307617188e+00 1.398664236068725586e+00
9.745684623718261719e+00 4.842405796051025391e+00
6.859775066375732422e+00 4.406944751739501953e+00
7.660605907440185547e+00 7.505183219909667969e+00
7.238153457641601562e+00 4.998060703277587891e+00
7.326677799224853516e+00 6.421909809112548828e+00
5.435763835906982422e+00 5.616143226623535156e+00
6.065606594085693359e+00 4.304536819458007812e+00
1.081220149993896484e+01 4.364069938659667969e+00
6.247896671295166016e+00 9.833583831787109375e-01
1.109912586212158203e+01 4.620039939880371094e+00
7.214437961578369141e+00 2.101542949676513672e+00
8.144793510437011719e+00 4.388257503509521484e+00
1.038860130310058594e+01 4.304356575012207031e+00
7.543888568878173828e+00 3.059373378753662109e+00
6.753950119018554688e+00 4.291385173797607422e+00
1.017437934875488281e+01 6.449262619018554688e+00
7.294915199279785156e+00 5.578887939453125000e+00
5.638458728790283203e+00 7.764868736267089844e+00
5.398794174194335938e+00 5.390951633453369141e+00
6.774953842163085938e+00 3.211818933486938477e+00
6.048152923583984375e+00 6.480931758880615234e+00
1.173750305175781250e+01 2.420091390609741211e+00
8.951650619506835938e+00 5.488644123077392578e+00
1.731544017791748047e+00 7.498044490814208984e+00
5.067728996276855469e+00 3.167405843734741211e+00
8.404236793518066406e+00 1.326608180999755859e+00
4.692326545715332031e+00 1.118482589721679688e+00
8.552712440490722656e+00 1.612257242202758789e+00
4.718470096588134766e+00 5.834066390991210938e+00
6.802253723144531250e+00 2.738324403762817383e+00
6.968422412872314453e+00 -1.628727912902832031e-01
1.197921848297119141e+01 6.351683616638183594e+00
6.727375984191894531e+00 7.241427421569824219e+00
7.925350666046142578e+00 4.864843368530273438e+00
9.325083732604980469e+00 3.613193511962890625e+00
1.107054805755615234e+01 4.271148204803466797e+00
5.884016036987304688e+00 6.844535827636718750e+00
3.559087276458740234e+00 6.082084655761718750e+00
1.110238838195800781e+01 5.014768123626708984e+00
-2.831606864929199219e-01 9.517050743103027344e+00
7.692927360534667969e+00 3.384418487548828125e-01
7.104276657104492188e+00 3.472069025039672852e+00
8.710724830627441406e+00 3.332726478576660156e+00
4.716547489166259766e+00 3.731197357177734375e+00
9.422511100769042969e+00 4.287083148956298828e+00
5.146522045135498047e+00 9.424395561218261719e-01
6.443988800048828125e+00 3.949712276458740234e+00
7.903688430786132812e+00 3.843569993972778320e+00
4.733944892883300781e+00 7.197698593139648438e+00
6.975988388061523438e+00 3.292027950286865234e+00
1.061593437194824219e+01 6.908882141113281250e+00
1.106810951232910156e+01 2.544140815734863281e+00
8.233662605285644531e+00 3.737033367156982422e+00
1.014360046386718750e+01 6.634266853332519531e+00
5.928725719451904297e+00 4.429078578948974609e+00
6.053847312927246094e+00 5.629652976989746094e+00
1.112666130065917969e+01 5.354234218597412109e+00
1.030836486816406250e+01 3.378332614898681641e+00
8.741106033325195312e+00 4.854712486267089844e+00
6.989408969879150391e+00 7.867428779602050781e+00
7.595949649810791016e+00 2.969679355621337891e+00
5.187812805175781250e+00 3.757299423217773438e+00
8.346056938171386719e+00 1.867231130599975586e+00
7.353764057159423828e+00 4.555178165435791016e+00
6.482221603393554688e+00 3.423893928527832031e+00
8.758010864257812500e+00 3.460028409957885742e+00
5.075144767761230469e-01 3.763962268829345703e+00
9.843083381652832031e+00 7.930450439453125000e+00
5.468636512756347656e+00 6.148649215698242188e+00
9.347487449645996094e+00 3.362035751342773438e-02
7.697546958923339844e+00 6.085414886474609375e-01
4.494995117187500000e+00 9.306234359741210938e+00
2.670224189758300781e+00 3.172111034393310547e+00
4.814476966857910156e+00 5.581634044647216797e+00
4.772571086883544922e+00 3.535413026809692383e+00
6.392570495605468750e+00 7.571892738342285156e-01
6.104746818542480469e+00 5.906873703002929688e+00
8.066630363464355469e+00 5.876908302307128906e+00
8.266291618347167969e+00 4.487012863159179688e+00
5.349472522735595703e+00 2.346195220947265625e+00
7.047328472137451172e+00 1.364204168319702148e+00
7.398168563842773438e+00 7.890441894531250000e+00
6.811473846435546875e+00 2.620709896087646484e+00
5.231693267822265625e+00 -6.343994140625000000e-01
9.090328216552734375e+00 5.667658805847167969e+00
6.504731655120849609e+00 2.881670475006103516e+00
6.158115863800048828e+00 4.555637836456298828e+00
7.729387760162353516e+00 -2.168170452117919922e+00
7.082718372344970703e+00 3.424653530120849609e+00
4.195512771606445312e+00 1.666264295578002930e+00
1.208333301544189453e+01 3.566923141479492188e+00
6.074175834655761719e+00 1.316521644592285156e+00
5.913191318511962891e+00 3.335825681686401367e+00
8.894840240478515625e+00 7.289103031158447266e+00
8.259929656982421875e+00 6.459642887115478516e+00
4.461871147155761719e+00 3.008986473083496094e+00
8.889055252075195312e+00 4.895908832550048828e+00
1.027390098571777344e+01 4.648821353912353516e+00
5.527992248535156250e+00 7.341138362884521484e+00
6.597901344299316406e+00 8.215689659118652344e+00
6.055993080139160156e+00 4.402209758758544922e+00
9.709720611572265625e+00 1.830008983612060547e+00
4.067573070526123047e+00 6.429140567779541016e+00
9.362723350524902344e+00 7.006551742553710938e+00
8.439758300781250000e+00 8.686473369598388672e-01
7.293153285980224609e+00 9.853303909301757812e+00
5.411430835723876953e+00 3.609967947006225586e+00
5.959877490997314453e+00 4.645984649658203125e+00
6.101185321807861328e+00 3.732159614562988281e+00
5.040578842163085938e+00 7.313385963439941406e+00
7.974486351013183594e+00 5.959125518798828125e+00
4.686067581176757812e+00 -2.409439086914062500e-01
5.312215805053710938e+00 7.877322196960449219e+00
7.486731529235839844e+00 4.975038528442382812e+00
8.278938293457031250e+00 5.241406917572021484e+00
6.445983886718750000e+00 3.798156023025512695e+00
7.972531795501708984e+00 6.938447475433349609e+00
4.751408100128173828e+00 6.760269165039062500e+00
4.531798839569091797e+00 5.313988208770751953e+00
8.326888084411621094e+00 2.976438999176025391e+00
5.625912189483642578e+00 4.029220104217529297e+00
8.456888198852539062e+00 6.281898498535156250e+00
5.469765186309814453e+00 2.231530904769897461e+00
6.382402896881103516e+00 2.968832254409790039e+00
5.419637203216552734e+00 2.148117065429687500e+00
1.228301429748535156e+01 1.380431175231933594e+00
6.985402107238769531e+00 5.622463226318359375e+00
1.167549324035644531e+01 9.361379623413085938e+00
3.734943628311157227e+00 1.983801126480102539e+00
7.835426330566406250e+00 5.401467323303222656e+00
7.418666362762451172e+00 7.490400791168212891e+00
4.464841842651367188e+00 7.831845760345458984e+00
7.103353500366210938e+00 6.277514457702636719e+00
3.568463325500488281e+00 4.543089389801025391e+00
7.894712448120117188e+00 2.472208976745605469e+00
8.287458419799804688e+00 3.950738668441772461e+00
5.671852111816406250e+00 5.759418010711669922e+00
8.805182456970214844e+00 1.895312547683715820e+00
5.612085342407226562e+00 3.402156114578247070e+00
1.067435264587402344e+01 4.050278186798095703e+00
7.710520267486572266e+00 2.606145858764648438e+00
4.266901016235351562e+00 3.103461742401123047e+00
5.807026863098144531e+00 1.547510862350463867e+00
3.899399757385253906e+00 5.599102973937988281e+00
6.960427284240722656e+00 8.728397369384765625e+00
8.460726737976074219e+00 3.831415653228759766e+00
5.508446216583251953e+00 5.212157249450683594e+00
5.090093612670898438e+00 6.528256893157958984e+00
1.827441215515136719e+00 6.219210624694824219e+00
8.143354415893554688e+00 7.692420959472656250e+00
8.042646408081054688e+00 2.083396911621093750e-01
6.372534751892089844e+00 6.384388923645019531e+00
7.435383796691894531e+00 4.307381629943847656e+00
1.014699172973632812e+01 2.735191345214843750e+00
7.172355175018310547e+00 6.812277793884277344e+00
9.201718330383300781e+00 5.056073665618896484e+00
7.448181629180908203e+00 6.322695732116699219e+00
5.846666812896728516e+00 2.142877340316772461e+00
4.160228729248046875e+00 5.868180274963378906e+00
4.378129005432128906e+00 6.488245964050292969e+00
9.184233665466308594e+00 6.823266029357910156e+00
8.923807144165039062e+00 1.496525287628173828e+00
5.466321945190429688e+00 3.335892200469970703e+00
6.131044387817382812e+00 1.100730895996093750e+00
6.917926788330078125e+00 4.316620349884033203e+00
6.797989845275878906e+00 6.876983165740966797e+00
4.753690719604492188e+00 7.908843517303466797e+00
8.986540794372558594e+00 5.875603199005126953e+00
5.971111297607421875e+00 7.021113872528076172e+00
8.074851036071777344e+00 5.377884387969970703e+00
1.086452388763427734e+01 6.453666687011718750e+00
6.148816585540771484e+00 4.375786781311035156e+00
8.847690582275390625e+00 2.570505619049072266e+00
8.418675422668457031e+00 5.279811382293701172e+00
7.322669982910156250e+00 3.432778358459472656e+00
3.340987682342529297e+00 3.312230110168457031e+00
5.357054233551025391e+00 4.681190490722656250e+00
8.436903953552246094e+00 5.952456474304199219e+00
9.661357879638671875e+00 4.495234489440917969e-01
6.810788154602050781e+00 9.306964874267578125e-01
1.269936084747314453e+01 3.208103179931640625e+00
7.911293506622314453e+00 5.150784492492675781e+00
9.162115097045898438e+00 4.583549976348876953e+00
7.304426193237304688e+00 6.461280345916748047e+00
3.487108469009399414e+00 6.591840267181396484e+00
4.624400138854980469e+00 2.919184207916259766e+00
6.861019611358642578e+00 5.726892471313476562e+00
7.026844978332519531e+00 9.459440231323242188e+00
5.816896915435791016e+00 6.873946189880371094e+00
6.625402450561523438e+00 2.046538591384887695e+00
6.144038200378417969e+00 3.288935661315917969e+00
5.369833469390869141e+00 2.453083515167236328e+00
7.180489540100097656e+00 4.366462230682373047e+00
5.042194843292236328e+00 5.114068984985351562e+00
7.901072502136230469e+00 3.651464462280273438e+00
3.785659551620483398e+00 7.629033088684082031e+00
5.919023990631103516e+00 5.506880760192871094e+00
6.774962425231933594e+00 6.671465873718261719e+00
9.720748901367187500e+00 4.820343971252441406e+00
6.671205520629882812e+00 -2.370261192321777344e+00
4.481748580932617188e+00 4.968632221221923828e+00
6.440081119537353516e+00 3.170613527297973633e+00
9.010452270507812500e+00 6.709265708923339844e+00
7.286982536315917969e+00 7.402739524841308594e-01
8.545347213745117188e+00 5.604585647583007812e+00
8.730998039245605469e+00 2.328652143478393555e+00
4.085309028625488281e+00 3.432890653610229492e+00
1.272183609008789062e+01 1.213817596435546875e+00
1.191376495361328125e+01 3.751907348632812500e+00
5.395109653472900391e+00 3.477264881134033203e+00
7.702253341674804688e+00 6.365549087524414062e+00
6.541741847991943359e+00 2.750454425811767578e+00
5.201237678527832031e+00 3.858050346374511719e+00
6.752953052520751953e+00 4.471569061279296875e+00
1.204931259155273438e+01 1.193825483322143555e+00
8.548256874084472656e+00 4.746811866760253906e+00
6.002968311309814453e+00 4.730752468109130859e+00
1.210557937622070312e+01 1.516959667205810547e+00
1.344328498840332031e+01 3.856528997421264648e+00
2.936139583587646484e+00 3.784455537796020508e+00
6.197748184204101562e+00 6.890273094177246094e+00
5.263072967529296875e+00 5.248767852783203125e+00
1.432152175903320312e+01 1.102149009704589844e+00
8.373172760009765625e+00 6.462297916412353516e+00
5.630427360534667969e+00 4.882445335388183594e+00
7.277768611907958984e+00 3.915009975433349609e+00
6.270299434661865234e+00 2.010863542556762695e+00
4.362812519073486328e+00 8.929572105407714844e+00
8.611087799072265625e+00 3.919832706451416016e+00
6.438710212707519531e+00 4.863258361816406250e+00
5.924442291259765625e+00 1.822627067565917969e+00
5.631070137023925781e+00 3.052997589111328125e-01
7.175850868225097656e+00 5.256585121154785156e+00
1.007602977752685547e+01 3.357073545455932617e+00
6.203194618225097656e+00 8.159663200378417969e+00
8.248476028442382812e+00 1.314306735992431641e+00
6.676249504089355469e+00 2.492562294006347656e+00
1.175266361236572266e+01 4.794131278991699219e+00
5.611013412475585938e+00 7.424214363098144531e+00
6.665302276611328125e+00 6.764346599578857422e+00
9.389937400817871094e+00 8.760161399841308594e+00
6.621102809906005859e+00 3.832970142364501953e+00
7.838798522949218750e+00 4.288602828979492188e+00
7.505126476287841797e+00 4.114124298095703125e+00
4.118121623992919922e+00 8.310071945190429688e+00
6.381869316101074219e+00 3.111672401428222656e+00
6.643882274627685547e+00 3.829919815063476562e+00
